30586
67291
86883
67522
21013
21
25804
47780
10474
15964
93076
92994
10562
68951
58629
81984
97005
78440
45285
347
90588
30383
61084
12724
21565
81779
43176
91787
30055
74447
47041
38822
74692
85672
70343
79176
78625
51108
53254
21429
69416
60204
44424
56252
67944
5187
70118
62634
2912
29766
36127
49038
83151
70028
44560
33595
70743
16642
51349
11636
52223
55019
65693
44841
1490
59801
53135
16417
78580
62257
65268
3601
18682
83328
12718
88557
85253
71479
6608
65869
80400
93400
63654
84673
81438
6424
47603
19985
69235
25362
39271
33784
39598
29794
97861
15342
18171
74321
45234
47284
1562
22776
47318
16480
4738
29067
51484
25097
96904
49891
77218
21672
64008
2864
81223
94861
35380
44437
32993
63921
34033
30743
46118
53114
92296
85516
51589
36340
98464
74987
71381
64449
81100
36215
61857
88135
52806
68
89008
52957
33190
90471
40861
57951
5079
10969
92333
12597
36461
10108
99193
41173
78824
15318
28775
59602
13836
793
34239
46229
80035
97301
17885
89140
67141
45421
29595
38565
26424
91518
95970
81288
10545
17830
9623
91397
76736
71926
63926
58388
23815
66875
10649
5076
73310
96472
54953
95242
90095
40057
86284
5340
89148
77463
77461
80443
23572
25017
53243
91450
29200
82802
79761
68341
18776
55453
46420
17356
47382
4459
20141
66447
16033
59545
32377
65195
4042
99094
9476
26672
65325
11525
88628
24028
99416
24265
18398
74095
93937
81528
66873
94623
87173
57121
22816
17973
86075
8308
95403
41547
50591
72954
1770
15560
41
71398
9656
49652
65777
92633
52813
87605
6416
62117
93613
98556
40248
55572
23800
29690
555
93113
23643
82693
30257
50357
42314
628
20844
79734
98895
3589
34985
29007
19742
41715
8151
22965
11564
78928
13551
36142
23738
58032
98716
80169
92154
30773
35844
34222
35533
74994
7181
71608
65863
65941
49598
58900
12107
84952
47732
96292
44415
85274
62845
16911
3320
96854
46191
93088
63086
97286
79060
27364
45762
3778
10231
7519
98335
12132
2628
82599
12055
24788
87254
93596
9865
71402
36680
18069
36222
40255
38591
99442
52824
3601
82471
85046
7223
24079
5001
62596
36315
33532
4066
64642
72394
59982
62156
69878
19090
7695
79415
4068
74364
81451
50889
30156
56313
45668
37415
78608
47888
93922
80649
19579
67024
6303
91469
99868
98063
72909
47191
12679
72675
87826
84304
31368
64418
99482
95798
24287
34214
50002
10594
57020
83481
5085
22192
40766
34320
76230
30109
75430
27632
58754
6772
96656
50314
57784
71084
51674
35681
64659
94795
35611
65540
62803
7916
54929
5974
50438
42530
2509
27831
85402
67517
30416
63352
49845
41536
60705
84058
22639
1292
68818
53565
47568
90909
53217
74476
99120
6022
37061
40886
80461
39808
35643
47661
22676
42737
48634
63181
21421
80849
34628
40615
23313
91507
10645
98908
6026
67183
75764
38908
42783
43709
33435
20886
46799
19357
63421
8084
82434
23477
64604
17831
34332
24546
44383
25825
30489
73941
39277
75216
3887
64112
94494
83425
44862
28571
34727
84226
34136
40937
83236
60462
76878
39560
40884
37562
30960
22017
48869
25855
30812
77200
90895
42375
73198
55158
19851
23992
96076
74402
3878
55737
94629
54366
29245
4075
99068
19076
65439
74022
97267
40604
60201
84026
36462
59486
10790
35962
25670
93157
19180
77691
29920
33500
29829
23097
21893
39773
39428
4718
5424
14955
77950
28538
8659
12060
34667
9470
10639
77940
37735
98033
28367
806
33459
68043
88450
49114
57656
64326
57368
35261
58926
32272
23539
70493
68773
38467
46554
93669
74784
63745
29099
45857
67613
81139
15969
38244
24552
23353
61476
35947
64801
74472
71398
55034
19676
35491
51167
89900
63957
59589
83930
44682
73688
52779
23013
47150
35150
90947
28164
43987
55006
48179
3231
68751
64338
64588
23736
12887
1962
60230
641
4621
87328
13737
30030
70141
65382
74190
95869
68793
47601
94438
30111
17303
1837
84081
16586
35598
10265
82173
33296
68601
82340
23861
44502
55594
18410
36408
88988
85404
95258
17238
46492
73541
86852
26524
1296
28835
74904
2749
5137
66708
37750
78641
46214
56904
81740
96820
90034
59434
68494
2782
5916
4439
13472
33585
14031
49881
1940
98231
5358
83777
10701
34827
26510
21553
54695
48845
81987
76072
89931
46783
91835
72770
95377
37185
88163
48503
53389
17068
61246
91619
55498
89262
17519
93377
62893
21319
92714
18284
95733
48896
18722
75149
70202
23944
28396
13616
30691
15295
44185
36871
83093
50229
75110
77651
58415
45592
85433
4437
62261
63651
41611
67044
74672
60970
26789
34972
9689
27878
54576
4063
56298
28117
42835
90199
23326
42424
72797
88000
11867
36373
32400
18047
89930
31829
47721
16497
89046
61954
91710
99886
14453
8627
79870
46115
69693
45846
85208
65421
97818
50478
6879
63344
22811
88870
2056
43062
4309
18344
93021
96918
52829
45976
64900
60196
14822
21866
40121
77610
44410
73689
57149
86745
58941
36862
59941
28024
17138
2415
31260
50063
65631
14562
14908
46507
48597
43952
7870
18227
5274
51058
8546
65769
12034
48715
30250
35352
25288
10149
68500
2180
17913
95850
79858
5030
22423
48825
20945
11164
31085
76774
6897
91007
15963
40432
97709
96899
7646
33294
97915
92816
42955
78988
19248
39296
70181
92831
69548
9488
1277
81321
97285
17400
91487
28521
79915
61395
38802
56769
62111
87767
34350
85556
21499
43763
32195
26093
31163
38733
38575
91270
13136
45617
5678
86630
79589
37729
30798
77401
91659
76977
31688
26652
88539
20983
31
97772
28224
17324
7374
8926
94938
43268
78257
86892
75168
87933
47382
60310
26751
66898
51029
58178
73651
80358
32767
90175
88145
31880
82423
81064
61527
58751
88173
74252
5768
79871
35986
16476
16144
90419
26714
17525
94477
24734
36920
90110
94707
96075
32037
35845
81597
93188
41239
41810
26074
64483
41719
32224
28359
23951
74715
25944
52976
11480
41228
83376
92060
69027
96863
36297
66155
46708
49637
90200
97045
95468
21571
61125
97977
59706
17365
44462
632
12123
57003
89539
52293
16022
62956
13885
20641
27730
98971
94652
75632
76034
66046
85198
83496
84773
34350
57276
23828
91797
86151
47733
38484
54133
92992
88424
46094
91030
99350
62271
63147
13646
86131
5128
94136
77831
39742
86658
78607
66980
14475
67300
36397
20800
73862
35969
40224
66496
25610
44318
61287
17565
89785
83038
39179
70573
3214
41402
41713
75747
63461
21076
43519
18601
37893
55200
67298
13639
97252
1360
24895
17802
43629
22298
83731
34598
10494
39223
94271
13132
30202
42528
58629
17810
37182
21959
40652
48966
68904
8335
18221
79378
87828
2755
11271
87933
53207
94338
83025
98489
82938
23384
81699
85653
72287
86951
10357
16296
36196
55306
43719
43356
51136
30827
55537
96312
82229
57545
91401
99589
643
64666
13601
90461
43951
38962
4020
38359
30170
81731
18356
69667
69724
33395
94999
2010
81231
32165
94789
9527
87366
46180
71376
52996
90044
45441
79008
47335
47621
26202
32010
47641
21477
24511
11133
84628
68569
1983
43770
14570
11359
53989
56516
85511
24255
74827
92119
27966
97710
68392
47318
86991
2056
77937
18762
89455
54607
81319
85280
25420
70132
98282
77306
27424
19756
29431
14384
79275
90193
61535
94167
88497
63420
86067
21008
37956
70367
66870
75007
66669
63395
84546
3550
11237
85103
28438
77651
29394
32633
78625
92150
17701
84298
51589
20925
18947
32097
65370
31114
4509
18120
40068
52508
91365
41303
51669
86933
34596
71184
82523
73645
52207
3450
4784
27435
71366
90947
49662
93786
61571
8477
18554
96430
68429
45523
82714
86454
27093
90730
71037
79895
71600
68347
77462
47612
9502
49905
83110
60903
82469
63755
42502
17087
94574
6998
71527
47194
77403
93410
65800
75805
97472
94254
57130
80784
28278
4928
13734
16809
74503
86162
41957
38770
4946
76103
28656
1296
59914
62365
52199
9407
81175
96149
52936
26278
664
42761
49817
73069
98654
55052
52499
12776
53966
23595
1296
96707
47371
55588
17302
45381
96265
70455
31517
22830
86004
96875
43977
90083
49638
7556
361
90253
10371
29168
33444
5287
6576
21059
88667
30962
68929
95429
97170
68767
16213
535
92697
6809
42225
80394
2
33590
94688
75069
59400
17096
57070
86839
5321
50422
42269
39213
90598
88427
71105
17494
40528
26595
75123
12186
77762
68646
58851
6235
58948
33785
70133
44179
23929
43543
54932
72914
82575
83995
85408
6318
15230
19579
7912
61839
75089
4520
52859
61061
71119
41351
80320
22790
73896
66959
17444
79670
62094
66091
88223
99865
7788
87459
68657
21228
97767
56745
6225
72744
54103
16519
82364
78644
52511
16974
6878
70184
28076
21347
13501
23374
14432
70728
42276
72290
67496
55455
10345
81703
91489
36879
81904
65928
25514
94724
57090
61929
20718
23386
19084
37188
4955
9785
68552
8121
3161
3264
61560
92219
53521
50484
19996
813
4178
49380
43871
77834
84552
13783
29955
46604
69015
12063
16625
45978
87569
86647
64914
63512
99713
22152
73373
96753
65887
788
77485
89409
48770
12483
66151
73629
22014
94828
76094
29248
55612
4278
56650
9279
11115
71270
81475
34137
17100
77949
67488
32568
3433
73838
88898
85374
36223
59676
51950
6053
34646
34452
44742
87493
21174
42207
24786
63034
2425
42671
80902
50083
80581
43982
8388
77361
72922
54835
94831
32077
27602
63530
50834
19846
16487
96910
49151
44595
73136
38719
20822
61306
7975
26936
21921
13651
40160
55127
79302
47817
38293
30544
11683
37338
43329
35473
88221
13840
53279
75413
4977
88199
30099
44620
10552
59549
86686
57815
41978
57326
76883
28433
6698
44747
68474
67567
82301
30197
37858
68167
34889
91855
92878
81270
24079
98326
49724
22166
95728
33765
29711
21840
88929
25783
69626
38703
40756
60879
416
20348
20420
10824
86113
45352
76704
31763
88482
97161
72683
12220
46072
99864
8485
85167
71195
14432
11633
90974
16586
60738
78506
64824
97910
39965
72203
9618
2189
7277
91018
18759
58471
83094
41821
75824
82936
77641
10822
67724
72266
84904
42126
68080
5472
37057
65611
42273
49323
67447
76751
55678
69113
52621
53780
43517
66286
31696
76378
9751
44095
94200
31986
65318
54000
83905
43352
66246
31104
68664
21156
30341
60547
1144
56553
41358
93374
96068
28477
41368
2122
77318
88759
26456
22410
88318
48479
10175
51288
78245
2885
28721
29385
57742
75582
34275
32165
35577
68766
24664
24083
73313
49363
24278
7820
68698
20764
79070
23648
18539
84470
97606
88254
9572
83802
69402
72967
44324
87448
11177
88578
58198
53694
26622
41313
26646
3211
60936
35899
34034
26347
11299
13053
36883
62442
33278
57655
44843
58817
70557
50484
30629
8065
29962
30752
152
29217
85129
75332
68380
96820
93407
40691
64899
76269
77045
59510
19572
69145
66346
26221
70824
90811
71685
6639
65765
89638
63954
64183
15505
78306
91124
55890
89167
99506
93906
22816
31520
94070
69537
39424
17493
40460
25646
36748
28923
84539
29308
63737
47706
26761
69029
65014
47106
31720
22242
68349
34135
62844
5080
89446
3765
60398
29177
14650
73752
70167
85578
37365
1020
11507
64831
60721
93361
57360
13914
14111
61984
33581
43967
42189
19851
61864
34074
5658
66108
66479
72443
79107
36977
46373
42144
30667
27848
48106
20555
25861
14808
27051
63153
50389
51508
84044
33479
35707
89331
77738
57756
15336
89680
38957
10963
88546
69956
39878
79496
56831
24374
60231
19260
8205
68856
89127
76475
28981
9480
63352
72247
13353
84949
52691
43747
25420
43549
50528
3037
77541
33048
62980
44724
31041
84729
81463
45207
63705
69467
22611
34640
89947
45995
62906
99054
86282
21122
81399
14865
46499
11321
92521
30808
33811
52673
51632
18075
52757
38870
49853
46287
83030
41412
11881
4766
11084
50751
45161
64407
8868
11465
99576
97688
17627
97867
85034
88467
93908
21216
22893
4721
66295
33529
13446
52547
15933
31331
47023
613
29764
59027
81302
86800
10545
4758
3536
17651
73158
21642
44614
31769
48484
26796
51117
34269
52835
77560
98003
18036
58116
31261
70367
16841
94084
52029
29506
73608
15539
22973
46320
16029
87512
19490
75297
85950
52754
31326
75248
74590
36349
69095
85968
53521
78057
85326
9787
44297
76438
44605
60001
39921
65333
76834
76578
69520
51143
87353
83844
78002
72757
47529
24612
55724
9160
94281
61426
79468
7435
27237
97583
57587
4030
4378
60601
1195
63641
75209
98577
90500
29041
67614
91104
22072
62936
3644
92363
96174
66549
83319
27718
80842
92323
856
11662
27067
19301
82182
51686
25981
81993
78898
45339
49646
8773
90722
16223
99800
97672
38858
63380
41625
1112
75754
69296
94438
23758
66065
82978
81921
59035
32510
91381
36290
57459
40703
47625
64005
87599
35596
53656
20463
72032
61322
47296
27219
43549
57054
543
74718
33273
48791
72395
48040
80383
33004
629
26864
41078
87678
85758
72890
69659
96234
89384
92624
346
80076
25158
6105
32712
8017
3767
73501
5799
28879
37526
77405
70414
25090
94242
22255
6410
38426
8751
55123
17822
67393
91188
20663
88934
7269
24913
53368
24919
51545
50168
1386
23888
58635
66389
47019
8539
47016
79393
33169
41059
63964
97180
41103
71779
18664
99345
54266
70129
45817
33680
69191
44131
23392
28757
38043
51821
29133
86479
1153
74716
38974
66400
142
27454
57447
60037
85724
1515
99726
86244
5370
18272
37321
57473
89831
67417
30644
56538
59202
66993
22182
81336
78627
30688
40396
15723
23928
99668
1352
35147
74068
47416
97029
97126
18378
17385
12301
15952
87292
96361
14053
12407
21086
45374
42957
40252
22218
37213
10
38781
13007
31696
39458
7071
80545
15185
23892
5636
92650
54330
59937
78518
40329
74235
85768
30269
52966
23375
43097
20949
45553
53656
18788
14050
29081
73672
42154
29566
49245
14435
70895
28365
64666
76963
183
66573
89984
14751
84812
24261
2385
12147
16132
29262
13003
14365
20654
62192
61983
5637
11589
20988
79826
10345
14636
26879
80625
4797
67826
32269
38421
55011
40010
26305
89191
79364
9515
28188
35756
47435
78638
15653
83613
71896
18013
39281
16276
32341
71927
36531
25194
16509
54800
33852
24448
1644
6627
1149
27603
51451
85788
43254
99834
32422
80257
77674
36110
3044
74239
70933
86327
48391
39306
77873
1951
28024
1260
71109
34224
42997
43347
15549
6636
39339
14182
52344
75015
1116
79317
13175
20375
92218
42593
15119
64928
27159
52703
11347
25541
95802
8113
59292
36541
59182
58127
95451
19825
4377
27538
66089
47665
95288
36874
15390
39388
96938
54110
6373
58527
24965
32395
18465
87955
62205
90514
68771
19538
85108
21564
53673
18774
1885
26514
60725
57442
66627
46313
87749
20880
73301
53899
96561
1828
9630
39186
10081
64161
35333
5247
58741
93289
16804
89376
93467
92831
46613
36522
83659
98383
27724
3705
7530
74196
1453
36750
69356
56533
62330
36373
21352
21235
7638
33082
29146
87977
98644
68829
63160
5851
67537
20919
19051
19454
27138
43123
28602
14129
73594
15178
11005
3832
56512
69349
6156
86572
85102
94510
70067
76280
14278
25688
5588
46131
35475
69356
26543
7
36527
73230
86187
98449
84142
19860
85276
43689
31828
85975
48984
38972
31453
9633
25172
47635
55091
93367
25400
10821
73649
78361
7592
67197
25421
4808
76543
13241
41715
51817
89820
65381
97311
39571
51163
23947
36919
25674
72756
12721
31850
46567
82633
38840
28737
57818
51675
50030
8085
3534
82309
39493
87890
6422
71517
99754
17362
82935
33065
996
82087
22352
47844
68757
97496
13535
41400
79204
6609
53840
84062
38276
4364
79080
96453
88269
74364
86999
10575
31676
68798
74066
31151
93141
75493
91374
75787
71338
67078
74335
72282
1122
7766
30211
86039
48738
34611
90442
22617
89300
61039
27034
40049
54964
53665
6542
24295
33739
79623
62288
89388
4667
12598
48373
38452
64976
54309
15887
73236
9893
69769
81100
12305
52086
61731
40666
96766
95514
47792
93897
83712
399
22029
59582
17657
81073
251
28527
30987
44304
45250
66431
32962
69950
27859
81470
43666
34896
38284
60079
31856
63908
52300
18949
39237
91282
90260
78335
15376
47629
2595
21223
77656
37399
38260
86741
10946
50150
82538
9399
30796
95257
89646
66783
63618
78046
19434
48995
56244
21607
54892
46233
78751
29473
54480
58398
7528
31033
66095
26526
77215
6512
26240
11192
68650
57057
87597
70897
73503
31759
9090
8152
42426
77423
9628
16931
17700
86498
64418
4027
11254
3108
42626
56008
39840
58238
71778
98762
40701
44082
29086
5162
78134
51322
6172
55622
24163
87016
39577
56267
43477
72307
84286
44832
46103
80624
33536
18525
64675
39454
80582
1901
49615
54215
71287
70888
31171
17060
4232
12057
42629
84875
54221
41512
89331
32066
57017
65852
16832
81177
64747
96922
56545
66051
15661
62788
60336
36734
7140
65139
39059
30155
20588
27044
5485
19402
56981
29837
13286
8246
70094
68567
79770
64655
39047
18362
96661
15845
41751
23517
46598
86131
89995
52610
69449
67398
23576
51696
94343
57541
5516
38504
6099
57321
86704
83632
85012
30973
24544
94734
21521
86004
62129
10235
50197
61911
78436
49855
67724
30799
13602
68795
9956
90930
78163
62994
99688
70468
15011
39489
25860
11864
25342
33972
35770
85536
21796
11595
10476
32452
84915
82226
72491
74274
96782
50908
93193
78842
8636
60821
61498
66304
6824
68358
12846
65321
10869
58497
45270
51039
50256
82396
85569
29608
64417
10889
14399
9893
49942
16324
62146
4988
29467
39406
53928
58939
39924
23958
71616
94553
88813
33530
64667
33008
32301
79751
91972
85821
79433
19496
84144
18357
99492
91016
92833
4794
48522
58439
30996
32611
73504
50375
50111
21610
8843
2065
78449
89035
52014
79280
31363
11031
56185
21429
53828
27223
93555
89762
84861
49830
24082
37710
90973
95184
43200
85018
36301
51791
49162
73240
63262
82900
30340
23157
7084
61432
47680
91619
50221
86530
16675
77150
8925
53895
37710
4466
58077
12624
84754
31282
71326
59760
21312
34181
81336
86466
56990
71524
7201
42747
89040
69758
12149
7353
41916
73751
49596
64404
13979
82777
89155
43440
98441
57159
33806
59799
98061
7713
15815
89157
53258
22287
77331
36050
60857
18107
21019
5743
85851
21863
59009
77012
94346
42174
20483
60711
70531
84848
13533
27221
50455
67073
85863
2134
80984
12429
85325
68849
19435
33763
95904
8944
29450
30815
33349
19150
35897
52022
76110
88613
86590
28789
12642
25516
90619
17351
96930
79243
31221
7085
92705
64374
25268
80516
73801
65533
21873
39674
82377
76770
44852
40146
11564
55697
83653
57226
36014
62824
59071
60645
31256
72418
75363
64952
24986
75317
86971
52739
3785
86561
5154
38636
30998
93893
95499
60654
46232
66397
68725
10809
88627
85229
68473
91224
70453
41270
5373
30321
50277
76289
87803
81731
52319
32618
83009
20155
71210
45274
3647
80481
66104
6232
78065
50045
9679
70840
48385
97309
17455
43237
96444
30208
92934
55358
59010
69455
88222
32562
15058
7647
85169
53865
68789
73941
8436
97458
25535
78249
92766
21656
50482
96824
33231
44953
72817
84168
74081
5420
53249
14864
45419
52507
76742
53767
49621
88230
51423
87680
97212
75523
2370
96810
32566
90624
33890
36809
92535
26582
18637
18171
67682
37088
94012
55589
36772
87166
67989
72598
95154
7531
43340
20196
46664
24948
18089
18526
76242
4703
38703
50634
4124
53283
37215
45871
77756
76991
4328
64224
51870
67330
63603
56891
27516
55277
94611
68353
58813
53158
7524
96850
88605
53625
45268
61743
68251
16826
23548
16892
20567
32687
8835
52535
53234
16768
53634
74161
72961
72623
627
70276
53034
87070
60923
8865
17597
6619
14095
80670
49757
51136
54538
69195
75716
46635
62242
71480
28082
90664
31349
59005
60119
79554
78639
12327
26660
14873
66498
87243
79340
20416
4179
72946
70721
79271
28433
7186
11150
49027
31848
28536
67450
56529
49257
5755
64007
36710
99965
30053
14059
16747
34236
88365
80811
37542
25023
81891
76801
68332
32421
1547
66458
24684
32362
11429
2030
45099
49488
69810
630
84631
86803
77369
51377
18042
45575
30321
80198
56774
65079
64900
88825
76298
86739
28091
82786
51579
29377
72399
55882
61971
14714
61279
11042
39689
3151
795
90551
18148
78999
54413
17466
11375
82402
2794
13617
35913
97785
25205
19115
95079
80594
85829
37234
31134
94397
34923
71520
16545
61500
90672
89396
11956
78483
43045
64870
55973
94914
57466
91302
95847
50132
67219
49340
95670
87907
75546
62882
54789
37854
47533
12333
19457
6628
86449
49116
27927
87059
62868
28582
35766
33986
61425
2235
25823
61087
52067
74472
93201
69313
18549
1983
76096
81797
65375
3937
76511
3553
83941
75079
48576
8798
60936
41686
60585
30713
51867
494
68962
33623
94814
37336
65979
28453
72623
67047
52117
60772
64908
54498
47305
77288
46105
66725
15556
13724
19262
60827
43921
4527
8807
96544
84361
7980
90459
16502
37577
93386
73672
66430
95916
4018
59241
34851
40837
16823
46815
44156
64688
78792
74267
34734
78351
67161
24006
78897
70025
20146
972
59064
5041
6829
13999
65743
32973
38880
18722
21805
9256
68877
1286
7196
23569
80074
92302
30887
402
62997
24432
33033
31515
9525
1626
4840
55551
99877
42425
60813
8557
80746
82115
65784
36071
56859
81435
76989
23550
55794
68104
4574
37648
9490
38614
73978
93508
44480
64743
17338
46827
90466
70280
91557
75290
66730
80240
32252
93932
40442
27547
9311
44365
12404
94720
65383
30104
7628
67998
46125
37386
67294
17600
13502
92165
95955
73729
24619
58378
73436
21902
98963
85105
41230
48699
34182
29920
67945
58701
13245
94182
13093
94240
90896
75970
4202
56805
45452
52435
12058
12400
6519
31236
8818
83246
21898
10775
72763
59612
77478
25373
59228
88026
21618
36373
8355
6482
29419
36401
2142
17729
69658
32758
61626
8020
1493
2352
34028
54789
88080
71420
64375
4819
7829
9724
37498
15819
22332
15035
64364
43763
38119
63625
40880
47404
98043
87287
35149
74964
66844
54728
76717
38767
34298
8263
33316
72243
89582
10584
12962
38527
64184
98914
74617
99460
9009
2733
5815
45631
82918
83956
25503
89644
33780
62669
32816
69545
93764
31598
62598
18882
73947
41568
18128
38090
44008
83712
94924
35446
18331
29046
80873
21910
67123
32731
33875
79215
42013
4917
20262
77200
79062
45565
6090
44311
10527
53441
85933
84935
76333
99773
86737
5322
60769
35503
39089
82186
55907
63279
76794
48597
90247
93010
76364
83141
51466
90481
1224
84203
60648
78943
76493
96635
26546
21049
91550
44687
53925
72838
79774
57198
4218
71493
14046
59620
48211
8219
80553
90565
72219
40980
89448
93678
63853
42533
80904
71635
73193
61154
13929
58739
48632
95772
86633
66827
68978
83677
8853
77698
69563
88980
49435
47823
43122
29368
8106
64972
66802
41707
9947
68366
57332
43012
52605
46861
29848
32864
42677
88775
34554
65258
98516
85361
94338
46364
23250
75057
13431
37581
78695
3856
93122
46548
10645
8596
85798
14269
22283
41198
28269
63388
5238
55008
85768
29149
69100
74092
54836
67508
28875
81099
11998
22436
87305
85390
52527
41562
93112
86092
65191
97836
76566
74015
89391
53127
346
70535
66970
74118
42375
41019
43360
79997
72106
94901
45061
1162
74836
76068
18202
95820
39997
27520
44353
42458
500
96420
13385
48381
65774
37596
39633
23708
28284
89407
12260
5962
64357
65287
55319
58973
23794
40151
68120
64109
83700
60431
75765
12418
51887
45998
48543
63407
61433
31735
52107
80603
61525
61667
71761
15711
10543
60365
98521
65011
19600
89415
96004
78363
20115
19377
41328
49038
45096
26244
67935
3567
96190
3813
54556
30469
25604
96624
36759
24741
77724
10915
80663
59300
57262
97929
88724
828
44346
71098
65047
30717
5357
99981
10672
31284
71963
90867
7467
11003
25152
90822
55507
59462
69592
14543
106
31098
13436
58702
40976
54247
62465
54399
67453
59973
81642
24069
47979
57763
53584
72103
64533
26675
55713
4972
42034
36555
64290
20445
3718
50082
55136
184
64453
40109
61151
79478
91514
21755
72923
48047
41760
8625
33050
2989
77176
61167
27447
86996
29634
61359
16259
64789
63548
13869
47112
75330
68067
12709
59895
61101
65992
45022
3074
51624
95412
33195
16646
52673
77097
49646
31156
48435
50550
14602
64803
67245
30718
19213
12612
4235
56857
19884
22233
72142
47446
18332
48322
97318
72710
61731
76737
87278
128
12692
2220
55536
81571
63218
83847
62548
29400
24400
38304
41642
23138
17599
33730
11875
3725
42445
20867
55230
19773
33945
55664
65490
18116
34088
28320
4770
61975
12145
18371
43222
8229
5993
13347
81413
44829
80672
48245
21383
53583
36858
46217
74855
20234
82473
68036
40846
72825
22249
16246
55796
7392
58563
22368
34420
52704
79064
3602
26584
37148
80505
39260
28729
77406
2399
41548
5108
99649
72836
90591
64527
22095
85472
94472
72723
67741
25448
76689
31375
4507
27854
23914
58875
45778
85745
59075
32689
64996
75290
85339
24433
64037
12936
62889
11169
97968
1814
29672
5133
91625
66554
93473
49742
34973
59826
18363
30587
66465
63211
86937
1196
62440
67350
27374
5262
54127
68300
57597
60184
91762
64598
46887
55076
19694
25006
87917
21801
84511
60513
52874
99799
78714
36654
36382
96021
86492
28371
65024
25128
14185
23418
71905
105
44165
30616
15826
35755
64565
45887
37016
91290
82943
21215
63092
92513
7794
67502
60890
25212
48073
6168
99233
93139
87325
30146
48854
58777
26780
66504
94488
31620
20757
69283
92490
60542
88020
81679
38875
48598
2001
69473
48076
52455
13682
74714
53939
32217
95015
89938
133
88876
37233
80189
33863
67034
31444
40158
56294
60786
5841
12634
93703
44974
9569
2690
89105
1116
92765
4252
93259
44105
36739
52456
31826
49690
26834
89575
82652
51556
21182
86998
89647
72328
68072
39589
39011
14259
16413
29749
61518
93316
83691
41350
62509
19498
26969
95809
92232
99963
11045
4391
4668
91167
95067
329
17132
27546
81763
71204
89440
97243
23815
56318
6955
68321
36883
59030
76440
36318
82029
82358
187
95182
31021
70921
81498
80501
24923
64833
51956
36526
57393
71245
16448
51493
95641
64188
41770
57629
14116
10417
67313
77341
57730
52419
37495
23912
51986
64382
42199
38784
54083
25129
36108
44306
62375
28842
34752
22748
45648
97853
5069
43897
35956
98477
72443
66223
85751
11623
90209
26218
43136
12776
70148
69832
68920
88604
18671
84532
24811
3684
7443
15912
42841
18016
47336
52035
66787
38336
86
92378
22381
18013
67622
67636
45116
75152
55791
87732
63804
81042
8506
99694
32611
85793
45068
86588
1565
45073
98157
5054
13325
3339
81642
79861
51613
10056
47991
81819
1002
93391
61030
72078
90802
1112
40512
20795
25983
95591
71636
41889
38251
234
20207
27675
45296
77138
28278
59208
84397
3866
66682
17980
1270
49166
82553
96354
68386
7825
65912
87076
14131
55154
21281
30021
72782
54126
56810
30169
26535
8080
76891
39642
95507
55708
29655
72109
72379
53143
69164
2719
92611
76542
58525
33153
16697
84465
92349
512
20537
50388
71845
72673
25544
99328
52309
22495
19408
72669
12470
25756
70045
99052
56326
626
87343
60049
63347
47002
46345
11997
53613
74282
38748
87435
37693
53933
75023
6651
61092
36592
56330
23801
10208
44566
5533
17606
43046
64252
54912
19326
54138
2023
85309
41081
15538
27876
11890
55186
33947
79282
51253
85964
92847
88292
33159
71991
13348
45586
72250
26968
95232
66790
54586
62155
39174
97107
34096
93661
55212
19100
66196
23445
69612
73615
2041
48063
80024
33874
18574
72958
43173
90626
71477
11033
41300
96630
34457
21091
49527
41661
61976
16390
98480
43772
35147
3219
90073
72446
10249
70299
19121
71806
34745
19319
54041
22505
57218
76039
79762
61446
39146
69246
89588
65738
75660
29900
56209
38552
76066
51332
75404
66126
10366
80917
64082
53485
32246
1596
70955
48141
72782
98830
8175
47802
81778
90365
30738
90498
75673
65993
97324
71964
68147
7768
66989
50214
24406
72786
78837
85585
68800
66603
36393
1413
59194
62293
94047
40063
11964
58946
82729
87257
20529
54413
42472
52001
44892
81201
68230
9578
3857
13843
9398
11856
27294
86645
88617
46766
93809
36974
87202
5046
61087
25255
59858
10518
85022
30448
31759
79841
36712
44770
80461
4919
55497
73418
73006
27023
26939
6371
34720
95250
20896
71488
33739
81142
38679
66952
98329
26243
81903
34729
52268
9801
12008
60753
60352
16209
26982
81818
39690
58289
94968
33993
53024
59586
28360
17122
37266
98799
59028
42159
23471
65891
17388
49773
28597
89758
77381
99697
67494
75227
91238
21971
15105
25163
5609
34447
83914
15402
32667
72033
69588
43282
52335
1636
29288
11275
52811
4871
32979
22389
38946
95139
27226
4138
14995
232
57361
42172
10163
61269
41791
44149
22171
88993
36012
33767
47048
76298
76247
581
25950
21593
44558
95840
10814
79333
71949
30774
41898
7950
13308
43903
4700
41304
59223
17254
81002
76117
94690
74473
59981
35606
15980
67463
54336
61596
96210
54059
34387
48458
73567
86933
78475
5673
13467
53185
28836
82234
62948
47377
9729
42837
47793
51879
1407
56551
1716
52089
69081
53008
31973
28991
70452
1762
96199
11174
20442
87108
70636
37005
28121
38735
78823
87773
20521
22093
12199
64668
55254
71263
43015
48190
21
666
13143
45840
81750
21117
12614
1350
53272
94588
67814
8431
16430
2215
87092
30446
53289
17230
32027
73399
51648
54651
20419
52703
11781
55591
13696
49507
32101
59283
40437
73935
22389
52430
10934
35513
25603
91437
10254
93457
92928
22797
47729
47850
9070
59722
37267
48798
48410
89475
38217
66191
62553
80812
43797
25533
85985
57628
71863
61097
57782
62441
97174
5531
91872
77750
30302
81805
26619
60815
53025
2263
59976
46999
26164
4031
78567
33324
28462
54965
3259
48958
40133
82008
18416
49034
48722
14182
46621
51247
44974
71959
60829
98773
50170
93051
7548
7722
34372
51446
42883
71871
19827
38822
51825
75769
48571
51482
89322
87406
11125
51954
34526
47143
79518
22291
18847
17140
50821
53006
67939
83311
29093
80623
32653
20915
69732
26407
18027
15941
78519
91622
33862
99375
68707
75204
47906
38616
4522
40708
73570
87019
12489
36531
42498
32313
68864
23511
76516
53107
61596
24595
18425
88055
96099
3548
77487
33952
33006
26096
4136
44553
10602
53800
59200
11249
2875
54315
30466
43633
44717
49423
56613
59790
3137
47196
60769
39248
15268
7846
66199
74797
73950
31260
79035
44265
51189
51131
15923
94978
26387
83118
51915
87748
3661
9536
98067
34947
253
80044
27060
88104
29202
25155
90837
48894
73675
23883
68617
48262
39166
80916
84473
59723
33078
20966
45263
67457
59985
33710
28084
91388
66816
76741
2980
89874
87153
72281
50159
61994
4019
74216
51741
2821
93685
57477
97792
79708
57127
36477
5400
74051
37776
74726
81458
61036
6930
61730
53201
56357
84959
79855
31891
41235
64750
40619
50280
22692
72086
1404
14591
62932
52759
7187
67742
72029
45561
8827
70338
26681
94772
5252
97657
57772
52681
14909
41508
44622
12567
85779
32186
71134
96414
78175
14878
44237
66453
69518
32425
31798
83275
59033
73740
17259
88185
97854
30375
34163
61300
93660
43409
90843
31502
63107
43980
4941
41229
27995
414
19248
46481
34910
79226
24558
12366
52563
41744
16428
40311
75684
68414
9632
4999
93379
56589
50771
52170
84309
53732
81696
48845
79897
42487
8021
45321
26369
27040
12826
69367
20069
66208
94764
19238
57098
1276
66920
93424
85724
822
47527
92604
57028
94819
32290
79650
34725
86244
5343
38264
98364
53000
88374
30436
63114
66
70987
39978
30504
20846
23557
77284
64997
27763
30612
77309
22806
22346
8773
9941
76415
22068
68473
87660
61532
4981
19583
89341
44094
34752
73715
14461
40376
51697
31241
45124
76520
85832
30064
40951
31419
60376
34286
5434
6382
43433
44761
54603
82259
65384
74970
98433
4249
22044
11407
44258
50195
44585
62384
57653
13370
60304
10547
52986
13686
39525
14373
61776
74654
22402
89804
31081
8517
3294
67087
20595
66372
57908
33540
59941
42347
63006
47961
47366
75131
31561
61254
19879
36904
31460
80296
4301
83616
88609
60353
84156
49333
19712
57830
90230
61430
27631
61994
36089
44064
19419
10424
61080
16269
85369
31426
62636
26092
83867
46405
20767
32980
62678
92054
80327
69228
57501
64107
62724
92780
95567
5196
29146
11613
58989
51744
36081
95074
62002
39697
29932
58123
86502
53482
5279
40750
79473
91854
81450
88291
68808
44568
80200
15140
27083
44582
64621
46163
80838
66114
75839
27967
71711
94764
74848
11118
55223
99971
10387
34024
88342
28306
82455
4373
12813
56163
24963
4077
2543
29153
71012
83174
91991
94102
17228
99374
62649
36551
50326
28324
30918
88807
60659
1729
69769
20662
28258
55785
45178
30690
89714
94329
60900
71106
48368
81224
38834
64336
61860
96428
43690
19743
69751
93620
89855
25245
75850
23524
60717
66005
46305
55263
48648
34435
86555
95930
50687
33990
38219
1814
10403
93162
33519
39334
39684
88202
51297
30487
34953
24332
21738
95269
44488
77216
75346
25472
35816
11870
19769
58568
38009
57747
16773
386
58601
45209
24782
8307
14164
25492
58294
16987
5321
5525
50667
67617
69350
26134
81224
42611
79431
25776
18699
98197
62247
14155
9545
37126
33151
34729
75572
68787
8928
6208
92974
47579
26040
92304
18002
26876
78574
28982
41477
57981
46454
86010
11083
71311
42331
766
78344
60588
6479
33785
67245
16036
85335
55028
29989
68778
43499
69064
66537
47440
26787
61499
16012
32756
75674
63540
7551
9229
86307
179
69368
58522
52383
87870
27624
52145
21831
39074
18424
37873
29043
70598
17583
75012
62367
89856
86782
84847
95936
56173
96808
57389
69147
51112
14794
45552
82235
54890
45838
7109
12520
88153
62099
9306
30690
80343
41883
38264
32486
28297
28528
21405
25759
81340
21461
65217
40709
20113
3907
38382
11185
1035
38313
45637
8186
13088
91834
80237
63966
36281
17211
33704
69325
34065
87664
32802
95495
21866
68820
45900
53568
7170
68749
47782
35755
66412
66160
94659
68214
76609
30308
51921
86682
57428
57744
30497
22455
49826
69034
88922
56404
10687
41405
19709
44649
85083
15460
45447
51505
99259
95038
37181
7676
71873
87813
25632
99916
70157
15548
86995
5693
40286
24106
28907
92715
7749
5512
13899
46849
84139
31003
10843
46549
85852
18159
40089
11807
76648
23892
74034
34919
69138
62975
45603
27297
28411
4603
23326
28962
28428
95099
64219
14385
62688
93307
17560
41263
11936
13246
63757
51622
85407
91713
3422
92639
30689
50627
74412
94873
10597
43362
36467
8997
43796
40736
95021
44604
22182
1392
93248
41758
72890
55552
18939
54073
73476
55066
2875
11392
53838
45324
305
82427
47490
24025
93885
83171
81567
34666
37258
35939
31035
3893
61824
56328
49428
19450
36195
16894
75552
46111
45670
58328
20144
50933
72971
8365
70691
36629
97884
29523
54439
55692
14456
92981
64088
4367
1871
67782
41005
96448
43058
69969
87648
5540
35642
96393
90738
30696
37950
891
88616
81623
86254
43995
6352
90346
69617
40243
58816
27615
46996
98321
40733
10558
344
38541
4236
35943
2368
96470
30169
46325
54080
38153
3347
81370
26079
65159
8374
30638
25895
27108
56373
68789
2380
32859
247
33493
65343
83675
98132
29215
25830
48283
12267
22492
44419
37178
88146
48317
20175
41993
48844
31058
62131
70806
85839
15509
15774
55169
46238
88421
37357
80908
57611
98558
8791
98636
73262
40423
96373
38522
86586
66442
97806
52557
15110
13197
78716
57715
5588
15717
70286
53615
43330
1125
58847
78768
23416
51385
47399
99626
18373
18068
17092
31558
84143
51195
10011
69910
51961
14890
63357
10020
96879
83188
54143
58449
30608
81746
83380
7045
25428
91742
59578
4227
48722
69844
99033
61032
52624
18170
18023
45699
98372
14203
72788
37094
43735
25048
44447
29348
97659
97444
97380
48597
10471
35527
53797
4613
37439
38470
48090
46121
82799
13680
66126
95196
95661
34876
61308
63287
57258
92606
77229
59718
12340
90807
59562
13779
12652
11880
60633
13683
44896
65060
95318
85271
13284
90305
27688
95858
24589
61575
95451
81574
75189
79894
48911
22112
9443
21452
44782
80266
63625
89307
17222
13135
22797
6900
80102
86702
11407
25073
65723
89790
88360
81017
78816
50541
61819
63949
21852
32153
15021
84408
99071
5023
90354
45685
13813
22465
8880
54158
76857
37546
55753
83935
11359
29138
73801
16395
6990
83751
35896
62915
80814
89788
42008
35874
54060
6985
29844
41442
14104
43240
48180
57147
22252
58395
47244
23513
15040
22011
96711
85875
39272
85068
89029
69636
84631
66991
89342
58113
68021
82657
16678
80806
87787
56460
96702
71049
5925
45901
97180
69941
52218
91291
29603
92055
60787
17852
15212
92140
16472
92181
60146
35790
55220
66068
96028
36408
17432
98024
95823
17881
21699
43337
85620
84710
80950
87237
74570
8508
78687
1466
25893
60008
86342
14968
20230
28887
3230
89100
59328
26304
95247
97543
18549
37711
13956
83206
67580
70679
89572
75462
8409
12294
21867
1378
42392
80419
63444
8244
71133
75320
9553
37679
484
43903
23900
18507
79469
6387
92751
85304
79687
38216
24461
66834
24768
61861
35509
94041
36494
65170
80464
21102
12218
42718
33157
73610
80987
27775
543
92885
55328
87670
14549
65889
55280
93470
8050
39047
37598
65308
83668
59777
24292
86125
95904
59067
38543
1003
97744
61414
87311
62457
76885
40520
37245
93240
3748
80299
26510
72046
19048
84604
19763
48489
9682
50797
1722
70333
89639
82612
75537
94629
99846
84529
14737
23048
94123
61699
55240
66109
68383
68199
30525
16214
55012
31460
91968
80568
62158
36446
28145
49716
82555
33946
53835
2181
67582
36128
87934
82759
61099
61196
91628
93639
27726
85543
10712
64326
26173
20720
7797
35257
8730
30048
11356
47122
20674
24720
66796
6695
75913
33063
79141
49180
71987
4691
71442
99162
23893
710
26039
64965
48782
92487
75126
83805
73127
61175
90886
10731
78078
62359
31478
34926
42239
69888
62125
85988
49538
62637
97305
43460
29185
28138
16397
55563
33199
3432
80408
89751
77563
14226
8005
50916
52255
78789
25736
76718
52296
2629
47280
59153
6624
96677
16870
26912
94340
22363
35163
31445
75878
16426
77325
35695
80208
64348
35931
61268
95863
67698
41813
90731
59413
83011
16707
6420
92800
18934
69436
3306
89851
18784
85026
52712
27845
58620
33069
11137
82597
22988
5259
59577
47696
98456
88078
23339
15118
76384
57526
24741
83735
2986
66748
81030
87391
36286
12713
26289
11950
26031
65801
28903
30223
56831
3828
98941
48899
77452
79874
40568
16125
53408
63295
3132
46037
68108
15440
26662
76142
86067
82414
32466
33214
70608
43690
68477
79865
52059
31112
1426
22445
68958
23338
71648
35839
22561
12023
74138
73951
24474
15067
84027
52865
29236
37125
74201
87862
50075
82540
6300
65609
77055
95069
6687
67055
88484
60523
23912
73383
75973
56934
4675
52010
24116
53740
74214
14517
38093
99895
29956
10184
17051
56883
61176
89021
56970
73913
12760
93094
68528
22611
4190
79803
34989
98135
652
33387
61994
15739
11281
41747
90054
98834
80372
11599
19950
32385
73599
35018
59349
38765
79430
684
54232
28527
9705
79442
9422
86496
71176
71083
6392
73638
13923
34304
92554
55815
23439
5465
5215
13419
21771
84217
92838
17733
80027
98818
87917
43784
21866
22231
52221
83489
74583
20712
18455
74572
96656
93925
763
95410
52605
78664
47356
45414
25656
95922
34799
50640
2962
38178
78773
52555
36868
63745
92858
29112
4593
30358
5412
54547
20278
68180
13171
25897
46806
18994
99697
93030
21789
15191
18979
52198
24992
43894
84403
27543
26255
21808
3160
67132
41420
18168
4459
6700
37469
48999
46218
4531
51968
59535
27567
51945
13710
77522
78789
26964
21831
54775
33187
48443
81253
68868
45689
11749
85078
96604
73008
87418
4402
54645
53757
24150
61088
22521
3166
73161
32491
10968
80687
75711
67522
16187
1782
85513
91645
68255
18041
65142
16737
60458
83504
36204
44565
78118
92173
91972
85237
19474
64979
27561
58514
2225
10447
86356
74665
31089
39894
53846
49443
64552
9656
40691
85049
21097
67154
43594
43367
20326
57363
18296
18683
65883
48217
34334
10879
30849
33825
61381
49959
66860
16388
74841
18851
13839
10814
6412
68509
64846
72497
9006
99187
28469
93206
6913
83055
74716
69571
60723
92364
47957
62647
38324
48277
6004
54244
32554
81582
67772
83299
20344
9168
77051
10260
15393
83376
35394
13840
91137
71776
94545
46114
56054
45737
56586
95189
15375
76167
63003
32373
61804
43741
51449
7037
47553
42758
9062
21885
37639
95125
42322
92787
86949
21568
38786
41781
60825
18968
33963
82523
7259
97497
73703
51678
97986
84638
36168
44034
7086
2283
42151
22367
35300
23955
562
35896
86529
51772
60832
18343
18285
65340
48130
96972
45562
49649
16167
35483
44740
79830
42744
1820
1396
44779
85296
26350
96250
5796
29456
93406
32768
808
33894
85378
45013
75243
18101
19289
1794
58152
79647
37201
43381
64539
44874
28101
59125
89767
64848
44458
53612
17236
23434
35375
79616
70796
77122
29158
36573
45829
89187
47839
12311
8256
90560
2577
61777
2315
85844
79820
56891
53507
93607
37736
688
9682
17899
98060
31896
96598
48720
79893
27325
10731
7677
86837
79068
93009
38407
38979
50858
33027
28164
85577
93273
853
27008
38962
95663
10530
7707
79868
79002
18425
26148
71275
33909
55179
71909
73040
45166
63228
80128
44984
75095
16867
57141
4264
29600
69133
47055
52670
61330
46431
79674
46127
54693
6867
680
178
57052
13075
51644
27681
30340
70595
75733
98754
45636
68610
7895
44808
13814
36760
22697
97740
5311
84898
36476
65752
34599
25732
5006
38820
31065
87408
14687
56110
19103
50512
76375
21179
29234
60888
23937
55612
15480
48424
91033
14366
85010
88701
29851
46097
28163
24221
51631
64511
84045
73347
36360
25853
67442
95659
1439
89595
31954
81845
68855
50156
69211
49553
31264
38978
6796
6430
87421
73799
94653
46685
41969
90473
48673
10850
62126
78884
28880
85901
91222
24593
89636
79333
19489
38919
61960
38450
39952
40370
82322
65657
14349
15279
7038
18424
70693
73771
44937
3447
50680
51864
62317
19386
85360
15216
41868
26946
91743
20840
44781
80691
47212
70987
1678
25605
41558
16391
25803
80294
83719
18860
25686
23790
80807
86930
5262
96334
31562
32587
59419
79527
29235
94660
3329
78478
10044
73705
67950
72980
77257
53540
81530
2015
11594
39155
39094
81139
30037
18052
3093
26828
19689
86295
11942
46865
62650
60317
78944
15917
99587
14896
70956
38661
91686
52670
29038
81190
28574
54373
33026
34756
50849
34880
23190
47742
67043
9657
97861
55360
94143
71216
70396
20369
40258
53064
15026
75584
10859
94372
81955
5333
66498
27718
40667
89164
25651
7236
71763
79168
65168
10413
99277
61894
5647
25019
56050
98398
32885
73783
99743
17239
45991
53126
59081
80545
34966
92938
70689
95546
14810
37385
37862
25127
70182
52701
32241
33805
3444
49624
14375
12084
73731
70669
6894
62470
80264
95922
58503
74676
78991
33125
3690
45981
1970
43359
92057
46356
67202
67112
37662
22122
63316
8419
79649
30233
29829
39468
30947
18650
71004
54637
77206
8934
82452
97949
92072
86592
54715
87833
83286
29658
2268
76008
78423
28594
49421
87658
29138
32420
76560
78778
53968
93233
8231
22358
43095
83681
6673
64608
97713
44180
30776
6283
58478
6194
11209
45169
10064
80636
22091
77316
42218
84092
38271
61958
69333
68456
91035
19204
46028
94137
86496
59490
93965
34459
62914
40148
56007
17604
14209
51736
71126
55033
67837
92542
5378
62543
78710
84880
30159
19979
52773
52002
49850
9006
45909
31649
11026
47328
54175
15915
72312
19667
37718
17600
11701
55150
4850
53337
9157
53639
22619
65502
17866
16961
85074
22051
92395
3474
74706
78689
43947
2923
89483
50021
63640
1688
62772
77211
74842
252
92140
8080
5710
85753
53413
11546
75717
11428
5391
81351
10614
53469
91597
39165
47942
92035
16041
77709
46241
11120
44438
59346
43869
19208
25537
5633
30097
63083
51484
4763
66473
6545
7310
15692
14650
40479
53270
69372
30863
87576
23234
17889
72022
74484
52071
10572
23706
98923
23364
14317
60038
26763
37372
71770
91507
2079
87923
56400
16602
98249
1268
27892
19468
77907
36966
40661
85071
28830
18176
91053
90879
39879
97476
63127
72350
45296
39476
77516
22937
7528
94548
49187
28916
73410
3634
1295
78712
10090
52519
60880
61095
86789
56434
28972
12681
46951
25605
95995
94982
55651
75399
94963
97319
12638
82796
96507
38336
75491
89426
64070
75905
15784
71989
37048
78045
95163
99283
55512
16840
9437
18322
40118
90518
20404
39593
77298
1809
41626
57738
2657
70329
81609
12540
72503
1517
88103
68205
48965
34953
823
3394
40118
1237
28851
38212
7638
631
23594
4385
45447
96552
52499
82902
70726
18682
62053
7801
53511
65198
36316
97882
73549
89395
85667
85089
11677
71820
63582
45548
25678
7745
31860
48362
61139
35087
19106
15364
35024
70408
96629
23075
84324
7154
75681
88566
92989
61869
65119
99462
57916
80225
66231
55858
81315
4673
42627
42987
63807
2887
71751
30489
82594
69979
76288
12215
45879
91636
30135
55048
77483
33214
61346
96722
32724
91167
80853
20327
78942
84318
8454
14793
3823
49712
51959
52373
95695
23377
65917
96033
57433
90359
14346
78397
45310
93745
25924
39360
20308
6696
42447
23674
28807
83049
37444
38683
95728
9769
63095
14986
33440
91778
7174
36701
97303
63721
94562
29943
98506
34045
9611
74691
40223
41099
58702
8341
52902
52154
32038
55428
91223
53055
34382
84840
91110
74160
21101
3656
5337
62283
68687
957
75979
10215
97028
3241
13268
68301
99339
19467
77836
82935
1404
20509
21742
46698
85195
33613
56705
98488
50300
1161
12526
42012
30014
74096
26148
46361
11592
80203
87769
92444
51256
18098
52479
98870
78192
56066
77773
40603
20281
74361
51642
35004
67981
91366
92978
1572
54224
20364
54120
43914
89401
61559
65046
76169
59067
21766
62003
44797
26994
88713
83618
71600
12416
30217
35745
72891
48949
11329
70900
47401
82060
38374
33238
91435
25124
51804
99199
10353
61784
70412
93217
97803
24677
4404
11233
9031
31497
31741
55481
78010
37655
10003
61834
22183
26184
39893
58137
77783
54342
37491
55360
36600
47661
37855
43708
86415
33206
28821
38885
4097
37997
14860
80804
64507
6668
14858
89917
67107
75672
60272
872
71473
94983
600
29113
80496
70927
12181
2449
946
76262
27661
57816
45545
3039
41669
13432
22118
5526
90496
87830
70013
78623
18562
12828
7654
32068
51761
90641
54449
77753
61424
89987
65832
69158
60543
27047
29772
46577
94583
87233
10094
78751
45458
97479
63161
4181
64713
30618
24171
96154
61102
42388
19926
12545
51329
74921
61858
63836
68293
27543
28656
29758
36079
24027
89248
27064
53291
1792
71332
34180
35358
17282
89797
24301
94238
75209
37843
15879
80318
43187
56528
82316
5912
61670
95472
79598
29779
31792
5913
48410
26109
9233
37624
7149
24639
77177
97279
34339
55428
79375
78962
36407
73920
71435
8660
72809
7755
75510
32889
96612
62093
4754
53033
14445
91774
61755
18277
21525
38740
63618
14792
5988
77196
85853
63464
47523
66317
39672
31265
24420
23711
1116
36180
91313
66678
26879
7411
37052
74686
72954
41532
62233
1678
20647
63061
68018
71041
66310
8343
88422
56660
48971
24225
81490
15627
49059
54688
8319
44391
54338
67607
66009
1744
92093
577
51750
76863
63677
89583
87539
20747
40928
63859
14506
89854
30863
88459
25220
53416
59136
45960
29750
47294
64361
20615
12864
14466
46061
16971
68076
24398
98840
13438
68314
79148
77057
72214
13398
91001
43215
20624
15356
84021
57987
27761
63106
43820
66140
24043
48343
91337
40744
34176
46350
5143
69842
30771
56881
82871
33467
7995
33049
1699
95965
17403
2864
37918
57576
75509
95242
61970
50728
27596
94869
10546
75982
289
68701
59242
45042
63298
40845
95336
53392
43280
98223
18795
86136
67548
85151
85018
58185
42345
52757
34103
22115
1409
65720
4399
34155
12905
50104
68717
14136
37342
69010
73360
90578
34853
71351
50043
11183
38668
43673
88120
42662
63840
69909
97439
14810
70436
6433
49439
17257
2474
26956
22316
12312
59834
51587
90938
9522
5933
58799
7713
90883
48567
62958
61723
1443
47938
77436
64335
11555
43918
66774
88834
51091
83989
85566
43145
52886
46662
53875
57539
23691
51562
52888
50132
21635
60919
11667
99986
91260
53494
1971
27956
37941
87697
55784
95029
6326
84323
18248
36669
81447
91015
2841
60857
48429
8136
18711
20050
13000
83049
40877
75495
32368
82109
22532
53575
68415
81989
89686
59879
96126
25709
75197
11259
97190
7855
88875
26541
16327
77507
81779
36953
7790
49381
96423
98965
8934
79715
24200
80198
80113
97085
11251
10180
40162
34154
12746
26890
76218
50215
11693
85806
38045
38439
20372
29683
47974
93846
33799
52696
96391
6193
14795
82786
50919
76101
53918
94157
99259
80427
14254
52484
94146
10052
65008
89683
15769
44802
37912
72998
14421
88952
24379
19129
82646
26353
79331
21385
98154
22829
26037
37493
49847
12175
68291
11725
37354
8302
66771
94819
91047
80352
2999
70476
91802
80468
77035
7451
63278
87193
6838
56333
53891
87585
5138
66547
89193
83881
43537
39381
11412
19745
51868
25493
49381
16537
21862
76163
31449
15406
54012
96913
26031
77821
37889
11296
36747
15662
62346
78028
59769
56184
70464
89093
5121
5528
99163
67500
41778
45713
9013
27705
31628
69064
95296
98511
80849
86532
87589
32651
85281
29273
38643
65401
1372
69687
27182
61204
21269
71408
58807
26888
37859
98963
335
43600
89404
7330
27830
24493
86546
14774
78742
92893
8365
43468
53342
78210
50006
93931
93652
34829
30241
9793
14321
98681
96848
8374
8461
84002
90790
26738
43066
28798
44676
89681
16031
22721
50371
26858
76962
31362
86809
80581
8000
73377
86582
54844
98499
21265
68061
43362
61497
9691
32054
39923
46595
47177
35459
68846
18666
88148
95511
94214
38396
30809
85726
23651
66648
93746
86842
86766
10649
98336
72675
58599
3210
33868
46388
34571
82572
73185
31144
73051
70679
41697
73626
49726
89366
51094
3707
71910
63350
98956
61179
24544
74797
96171
50183
59864
88492
70106
37411
84894
80284
92653
1668
54749
87753
11908
36622
52117
32601
58386
80351
66238
56728
86723
64832
25694
72825
36596
45695
74260
5754
14135
85248
18188
11761
36593
12080
99807
73285
14657
91283
8196
66516
88134
89486
65677
17960
35410
21791
81474
31084
67420
14417
17495
20907
85180
80054
23014
60489
4314
98261
56381
75147
66645
80311
63760
44702
11615
97432
12110
45760
87347
92800
52908
41288
64788
54862
79856
78538
11165
50418
7895
75367
32126
55923
30838
57708
63064
87440
21664
79317
17757
54202
97043
53187
13640
59602
91379
42117
95784
11784
97300
59797
52339
92861
72614
67783
1391
24389
80967
73501
14738
93047
31165
39642
79262
12961
25983
54018
92439
81399
7221
20309
89021
54949
34271
9877
54293
71536
27321
5361
12051
72771
86214
81624
92730
42212
15456
6644
67922
43255
89422
74730
90413
98652
69510
61242
85365
54374
49218
26865
70675
27869
32707
40227
97963
94795
16865
14365
82367
73135
95423
5357
21573
97606
67374
52096
93309
3683
43162
37652
39446
28590
74316
58622
5859
87573
50488
26897
31410
55527
20770
97852
41335
51977
61807
22405
88
45577
90790
19869
52849
77612
82316
24376
62791
40279
75947
73060
55918
23983
9252
11291
95268
40000
44867
41795
9249
36884
69765
77067
68158
26319
69279
29841
9005
70574
82822
21224
79708
87339
51559
53150
7263
73690
59647
16377
6490
5809
1773
78155
83917
60376
37989
79988
1513
16597
75344
4427
91481
35558
19158
6423
71207
12316
42758
24298
69662
12030
42414
96595
92841
6715
95362
88134
51584
36435
65129
50532
25838
95506
32018
3993
56864
37263
38671
34405
57891
90665
23481
47504
1970
31646
53273
94490
36850
17152
32555
91678
84497
72020
47840
53862
87169
34370
40042
66510
3098
95502
56503
74310
59479
7276
35480
20108
12776
40393
94335
20944
92270
43617
6050
57710
2002
29933
20962
69670
32680
46794
92529
19600
32019
55803
44741
43125
45348
60671
21366
37073
41607
23659
6580
71393
20182
47580
20708
21667
92095
35879
83424
88480
67945
33250
93369
64719
19497
62577
44134
80804
39416
5088
13437
6720
2160
56621
44564
82658
47362
52866
14281
45260
68612
95835
51237
85707
3079
73582
94515
91660
59713
25852
12521
34194
84183
58358
22046
75588
2000
53451
59660
25218
79701
93655
9204
88305
22786
61861
79359
78413
60424
96609
99625
82485
25209
26052
15676
99598
33351
39322
34019
50274
50171
11274
94417
12218
83829
9550
79406
9088
99086
30460
2091
60226
88000
77264
49823
31771
23669
93024
3627
62582
10772
70331
70433
23114
48307
98535
83768
19135
49555
44378
94311
36259
24721
38870
57079
94918
54726
73473
19771
54662
99474
94971
58696
95818
43331
81609
39934
98265
37250
26006
95110
87237
37435
92696
99790
18040
70380
74405
95623
1411
70553
84990
46915
1789
47969
21874
66041
82665
87734
63629
14794
20678
62890
54751
45793
36607
17700
87010
63124
18177
43477
43238
70913
53375
15691
4298
48561
52484
27999
35822
29460
30685
60936
7871
556
84676
41908
3957
66302
42030
66627
75027
34843
16577
82119
47783
96641
7169
45542
5078
22683
68645
82011
21153
89335
5962
91741
74200
71492
82115
60919
42735
49083
46408
67490
82206
60227
43167
12100
63781
98454
64903
47001
6039
89206
49674
2376
60192
58129
24811
34588
80938
31005
32371
22601
68945
90888
54170
23181
38125
26649
83186
17873
129
33449
4516
55409
62255
34191
96476
52731
30768
99898
58261
24874
92661
21161
6339
20600
89226
19930
81133
67563
2833
46886
42755
20336
7270
72326
12204
57086
58737
57368
30890
63762
2469
5441
28257
80491
46465
98514
23306
35228
68560
97930
41825
1428
80535
47878
3645
31884
41111
76677
64365
18591
11044
95403
27209
77581
41199
28095
62950
32670
50777
85732
46097
83741
48909
11791
48146
32709
97653
95945
52665
25433
96228
80817
93047
84129
83444
35446
28338
31372
56796
74671
37998
3410
90772
54611
54587
29924
57583
79757
25349
84455
79766
51651
7209
27026
62324
6727
48700
77229
63103
64782
3962
66603
6685
75496
14387
95280
23804
74210
76012
66346
98970
92825
342
19517
65039
64302
77619
7996
67461
28081
9285
91710
9234
57220
89052
58283
60697
53099
37302
95099
20327
23492
32777
3158
25190
33861
37671
77572
2693
8484
64118
59932
638
61804
44251
60959
71573
87659
93265
34438
85863
45359
38922
97932
93200
29332
94619
98255
24142
64678
45638
9579
93357
42781
84918
86099
57706
13608
68723
70146
95267
35273
62023
52289
40799
60863
68704
72337
47121
15717
26596
35434
39400
98968
79969
42636
76390
60328
31028
10327
50692
85438
39558
70297
5779
47492
34612
53728
54707
81025
26261
18048
43028
71753
43304
94838
35000
61727
51030
51839
86509
28955
89736
98550
40607
79494
24048
49428
90597
16155
65434
61982
14536
44971
49333
1145
35970
55106
79331
16511
6662
11501
28284
35646
58494
87491
91756
30492
41975
57862
68568
54175
10833
67712
25967
46798
87652
91856
27071
57988
75691
84650
49507
22034
96491
61830
67868
7158
23962
70946
87455
31142
28631
88255
45716
87794
98604
78119
44336
78133
11390
65755
30651
37285
76196
59578
10189
23038
64338
67133
7474
25520
83724
47147
51720
11182
38441
93674
80275
61400
61122
28190
65774
39154
4395
97159
71180
42879
80953
16420
87574
40898
58216
19071
52944
80390
24325
83621
26894
94875
57468
70213
91088
13771
31892
57226
63768
67702
33243
28116
73113
3017
3754
3654
12574
64018
67808
88175
65092
33952
98550
31229
54695
42747
11867
30036
72399
10601
1528
32598
88203
55107
18544
90788
17766
46654
89732
92903
7735
94074
50893
17663
20492
32257
15332
34535
1270
29082
9498
12694
17240
98289
77544
88147
9926
9580
51027
95418
87451
84913
30954
26490
17782
76116
14198
38211
7069
12318
18328
29806
40175
73302
30059
41349
96813
90484
11471
25663
49456
64357
35155
11369
86042
99297
23600
51060
1
61652
45279
6298
39340
9657
33467
27231
38588
98242
2129
36535
12931
23712
1810
57693
9308
37289
32314
67858
76478
24491
30318
48760
25382
42191
71392
37912
12958
88317
34854
18504
76896
30616
1068
55339
40085
52395
82184
34462
90874
26156
64723
7168
30183
53084
51671
54133
20450
53679
89313
9392
54856
71204
87634
57620
12921
82586
57340
55617
85549
67834
49509
21944
76081
53285
79819
85667
32559
18278
57492
2778
84731
87925
49857
38246
98211
42739
62411
19013
13401
22411
5398
40210
27794
10615
1536
17907
96439
84283
42049
76105
26946
14244
10474
60071
20001
77516
46324
83244
9275
14160
9474
97021
4114
97293
590
20759
78198
14679
15669
89274
43814
66584
94412
41305
65259
50079
72506
3728
40420
55192
49591
14575
45260
79838
88802
63361
23092
98591
31189
14433
88309
18718
48288
37638
13822
47199
1815
91502
9390
49255
64166
94477
75950
42096
35703
32386
70205
38874
27367
14002
72942
75695
22384
38402
26253
36542
14370
38112
15775
47863
86867
36783
27440
23145
81103
10392
57454
41831
16241
42854
65852
6439
55792
25468
80966
40772
33131
74490
90537
15535
37328
98796
46477
92163
20507
10423
20071
90928
13837
32739
69654
97372
11397
82235
62053
80845
56763
2628
26124
21682
58841
88493
77379
26363
27547
93312
5829
2
8034
52590
33912
44817
54273
91546
34356
66967
88077
76646
91818
21366
90000
96308
86882
99063
62148
7274
67865
62867
71587
61772
39840
39302
87947
1627
76695
43385
21003
19245
29780
35348
71896
71101
76672
62956
13712
33610
56808
77160
29235
70963
95720
78752
2385
23283
78744
47386
65334
93726
54878
81652
55036
83792
41805
50765
50113
31705
57125
64564
8066
49301
82516
9751
24507
95665
65284
46060
2458
29269
40699
42903
48588
73078
51073
7049
53049
48577
29313
90159
19082
29165
86009
99196
3059
12519
34724
72206
70744
15286
19626
22124
95761
43716
78661
5220
76633
10813
58186
95780
60525
42374
40529
54819
76863
90668
57105
51831
63569
84297
56822
21725
82384
85729
80665
41925
42007
79865
5005
88805
70862
3475
27566
2426
77254
42348
50669
69190
14189
48240
69434
77125
4049
22030
71259
36221
90511
4201
96030
94503
7827
83917
79831
20858
7161
49465
70125
36271
94632
74954
91218
9804
9627
3632
44349
53242
47750
30616
134
56206
32811
16539
38192
72007
75742
51454
2102
44361
46422
35200
87079
22392
14451
21450
35124
17796
18747
14810
82316
77819
91869
32677
19246
31006
91542
98948
69209
32420
62861
1668
11309
50754
57386
12114
63536
66081
84368
76841
7733
27626
69372
43016
62543
23998
69334
10169
77982
18392
59945
68369
61323
55122
38696
51041
30339
61370
13315
21375
17563
62751
27020
36926
48935
70055
49984
85343
13566
41601
37590
62681
24293
41063
75163
28509
92629
30271
96390
42132
85244
31242
36099
4443
79937
2897
23688
26246
15553
62326
72486
48009
25600
81864
49416
15537
85608
8511
90088
40788
59014
80845
4372
34615
55235
30697
58062
99681
32984
20713
26633
56699
97957
38025
19379
84462
79739
94082
13062
56932
94000
11424
40255
2613
48478
47267
74314
90140
80179
74491
25991
26669
58930
12173
32977
70345
75259
78879
50012
82797
22756
89023
23791
34489
84240
33029
2241
2200
54271
25029
7456
28681
60646
24523
92076
11685
66710
63493
54615
36088
81930
17026
44822
20646
82310
81146
78214
87066
94000
36941
92601
42201
43572
28283
45343
66049
81505
25675
97807
60896
81665
92633
22085
99017
39460
94211
69773
80205
92761
17828
75756
59095
66953
68567
69739
57255
63911
93126
79186
88190
51366
93606
66980
12658
9281
65859
450
16066
72276
72558
98399
4883
17259
99933
65782
30256
23663
34794
15638
6618
53695
24189
62640
32662
20520
79151
37458
77624
79630
19010
76752
44604
71819
94468
54410
65010
44379
58778
56910
23954
19800
90460
59649
17072
18375
15225
58002
15007
45745
3756
84616
39946
61690
97327
24854
89022
15758
48796
92045
72759
49222
80167
23413
64844
90683
57755
48916
58222
64402
13891
71485
60070
24646
36612
11810
98459
18218
83569
98769
27503
86012
61394
87179
79982
23872
9560
45742
5521
46039
67622
84434
79764
55216
35398
98710
64965
74104
80465
21520
24635
33043
7352
34987
80868
49197
64819
33581
41467
46442
10351
66188
12806
81461
88366
22405
157
993
75139
78917
40278
44137
69892
51033
97974
34083
2645
44576
6399
36700
36261
10970
54508
30295
43420
1851
30061
15254
35825
4611
43625
42571
7056
1070
74217
93357
37828
15601
61250
34023
64420
24703
48131
76302
79309
52030
37339
51422
46608
68721
43308
99763
32438
78856
28917
97720
95983
32105
89831
4574
85692
91050
66983
99845
91708
95532
68242
52529
35324
15168
73454
54392
77495
29953
41640
27486
3054
26360
19558
51257
26252
99987
6069
94083
96326
25857
94475
42986
8536
